2069473506 3732587455 1483883
3235691256 2348990120 6550341
3547561069 1392195671 747406227
3264251584 3734071338 283309485
391285622 257757572 195552540
1645243555 3166958320 377191689
335002083 512210869 56283539
3242241597 897735089 22009987
77244511 0 257757572
989159646 4172023334 122943962
605476380 3544150009 188437446
0 568494408 18343754
2700122696 4050276683 121746651
2022435244 2139601898 47038262
2227672101 919745076 95840269
1112103608 2633818373 533139947
826809686 2186640160 162349960
3100147259 762191092 135543997
18343754 453310112 58900757
2323512370 1015585345 282396986
2605909356 1297982331 94213340
2821869347 2355540461 278277912
793913826 4017380823 32895860
2070957389 605476380 156714712