2700214958 2743391193 363795571
1484584575 1440072796 24660284
927520818 435059068 191969051
1588488926 1434420334 5652462
1423277199 141187887 5443857
1594141388 1350997453 83422881
1986188257 3933008893 120750463
1509244859 146631744 79093544
3712482038 4220862006 74105290
3948206286 1986188257 277570873
291046304 281588807 153470261
1119489869 918224946 303787330
1677564269 1321192605 29804848
2309878676 2336743687 390336282
3079951473 3306332300 449116691
444516565 1222012276 99180329
543696894 1464733080 383823924
3895169406 3771389935 53036880
3529068164 4053759356 167102650
0 627178642 291046304
3696170814 2727079969 16311224
3855550220 3824426815 39619186
2106938720 3107186764 199145536
1428721056 225725288 55863519
1707369117 0 64378064
1771747181 64378064 76809823
3064010529 3755448991 15940944
2306084256 2332949267 3794420
4225777159 2263759130 69190137
3786587328 3864046001 68962892
1588338403 627028119 150523