1318826171 2010420436 223477535
2278894745 2233897971 671603259
988189854 447584401 27746374
2132052210 300741866 146842535
0 1279660741 97125596
3531244480 3147213622 507810286
257581844 3816963790 101424269
1298609589 3918388059 20216582
3317726838 1072550929 21856732
3065323607 1254863909 4121973
97125596 1094407661 160456248
359006113 1057194484 15356445
374362558 1636971609 104335413
4039054766 475330775 9209679
1038424317 1376786337 260185272
878530050 3938604641 109659804
1784016098 3738041092 78922698
3152462764 0 165264074
1862938796 1741307022 269113414
497536930 676201364 380993120
3069445580 3655023908 83017184
2950498004 165264074 114825603
1015936228 1258985882 1835900
478697971 1260821782 18838959
1017772128 280089677 20652189
1542303706 2905501230 241712392
3339583570 484540454 191660910